500
125000000
132
130
127
128
134
126
125
123
122
122
600
216000000
218
201
223
201
206
208
199
207
204
215
700
343000000
318
368
332
339
354
363
421
396
416
320
800
512000000
497
442
471
483
485
446
490
480
464
470
900
729000000
788
761
800
762
758
761
780
778
766
787
1000
1000000000
939
949
959
955
965
951
946
952
950
947
1100
1331000000
1404
1423
1482
1502
1448
1412
1388
1457
1458
1415
1200
1728000000
1490
1512
1479
1513
1445
1471
1480
1437
1466
1486
1300
2197000000
2330
2362
2312
2350
2332
2341
2381
2333
2314
2334
1400
2744000000
2542
2515
2483
2436
2489
2471
2477
2459
2491
2542
1500
3375000000
3550
3529
3587
3486
3487
3403
3482
3515
3502
3495
1600
4096000000
3428
3446
3442
3479
3524
3556
3438
3621
3520
3465
1700
4913000000
6081
6527
5283
5592
5434
5582
5737
5277
5807
5800
1800
5832000000
5344
6221
5664
5581
5367
5466
5557
5636
5664
5504
1900
6859000000
9687
10266
9781
9526
8019
9444
7978
8066
7516
7452
2000
8000000000
6967
6400
7248
7362
7333
7219
7232
7256
7343
7176
